{'time_step_duration': (0.05063189600514565, 0.009351348601963273), 
'step_duration': (0.049195187020419126, 0.0049008970590427815), 
'join_duration': (0.049911205013338046, 0.009374917161731089), 
'inference_duration': (0.0015419410427260456, 0.005675235188149566), 
'send_control_duration': (7.249414870608242e-05, 0.0002023019782162427), 
'retrieve_obs_duration': (0.007439062686951545, 0.0008049263791824314)}
